Index | Outputs for digits 0-9                                           | Pred | Label | Correct
-------------------------------------------------------------------------------------------------
    0 | -16.60  -0.01  -4.99  -7.39 -12.97 -10.88 -12.73 -10.70  -8.45 -12.63 |    1 | 1     | True
    1 | -12.51  -6.59  -0.00  -7.18 -15.61 -14.04 -14.91  -7.11  -7.77 -11.26 |    2 | 2     | True
    2 | -12.26  -5.98  -9.56 -12.29  -0.05  -5.12  -3.84 -10.34  -4.23  -5.40 |    4 | 4     | True
    3 |  -7.94 -16.70  -9.77 -17.35  -9.16  -3.69  -0.03 -18.01  -8.41 -12.90 |    6 | 6     | True
    4 | -14.75  -8.16  -4.64  -5.13  -4.70  -7.25 -10.48  -5.41  -0.14  -2.29 |    8 | 8     | True
    5 | -15.56  -6.48 -11.11  -5.50  -4.31  -6.34 -16.23  -4.88  -5.22  -0.03 |    9 | 9     | True
    6 |  -0.01 -23.15  -8.20 -14.69  -8.96  -7.69  -6.79  -6.59  -9.54  -6.15 |    0 | 0     | True
    7 | -10.68  -4.65  -8.81  -0.03  -8.31  -4.67 -12.96  -6.00  -9.10  -5.12 |    3 | 3     | True
    8 | -11.65 -10.16 -12.10  -5.67  -7.85  -0.01  -9.52 -12.75  -6.44  -6.09 |    5 | 5     | True
    9 | -17.30 -15.22  -9.06  -4.63 -16.58 -19.76 -29.34  -0.01 -14.08  -7.95 |    7 | 7     | True
