Index | Outputs for digits 0-9                                           | Pred | Label | Correct
-------------------------------------------------------------------------------------------------
    0 | -15.78  -0.01  -5.39  -7.89 -11.25 -10.04 -11.52  -9.57  -7.57 -11.92 |    1 | 1     | True
    1 | -11.04  -4.96  -0.02  -6.66 -11.70 -11.83 -12.11  -5.22  -6.23  -9.54 |    2 | 2     | True
    2 | -12.15  -6.10  -9.83 -11.49  -0.04  -4.73  -4.19 -10.11  -4.94  -5.28 |    4 | 4     | True
    3 |  -7.29 -14.28  -8.84 -15.14  -7.13  -3.29  -0.04 -15.59  -7.13 -10.67 |    6 | 6     | True
    4 | -14.40  -6.43  -5.15  -5.35  -2.78  -6.72 -10.20  -3.88  -0.80  -0.79 |    9 | 8     | False
    5 | -14.62  -4.75 -10.28  -5.30  -3.30  -5.60 -14.39  -4.24  -5.13  -0.08 |    9 | 9     | True
    6 |  -0.08 -19.64  -6.12 -12.94  -5.17  -5.85  -4.58  -4.15  -7.86  -3.21 |    0 | 0     | True
    7 |  -9.64  -2.25  -7.12  -0.22  -5.89  -4.01 -10.92  -3.69  -7.05  -3.14 |    3 | 3     | True
    8 | -10.51  -7.53 -10.85  -5.09  -6.02  -0.03  -8.32 -10.17  -5.46  -4.42 |    5 | 5     | True
    9 | -17.94 -14.93 -10.38  -5.70 -15.58 -19.93 -29.36  -0.00 -14.56  -7.18 |    7 | 7     | True
