Model structure:
MyNetwork(
  (conv1): Conv2d(1, 10, kernel_size=(5, 5), stride=(1, 1))
  (conv2): Conv2d(10, 20, kernel_size=(5, 5), stride=(1, 1))
  (dropout): Dropout2d(p=0.5, inplace=False)
  (fc1): Linear(in_features=320, out_features=50, bias=True)
  (fc2): Linear(in_features=50, out_features=10, bias=True)
)

conv1 weight tensor shape: (10, 1, 5, 5)

Filter 0 weights, shape (5, 5):
[[ 0.11831574 -0.10683421 -0.09703279  0.0203365  -0.23111981]
 [ 0.16022371 -0.02663905  0.08278479  0.01251074 -0.02373965]
 [ 0.11796091  0.07716569  0.12929177 -0.01626117  0.03441867]
 [ 0.02125626  0.08283427  0.05470884  0.22948723  0.11759701]
 [-0.07181346 -0.12179095 -0.04784905 -0.09020487 -0.04466964]]

Filter 1 weights, shape (5, 5):
[[ 0.07055662  0.24307653  0.13513814 -0.3365005  -0.06045294]
 [ 0.16169722  0.34097046  0.12972234 -0.32770538 -0.3391731 ]
 [ 0.04256754  0.34782284 -0.00730467 -0.0089694  -0.19643371]
 [ 0.3017811   0.06052284  0.23392846  0.01781629 -0.10622317]
 [ 0.16803126 -0.00216475  0.16700456  0.04308629  0.05704452]]

Filter 2 weights, shape (5, 5):
[[-0.25983036 -0.14347325  0.13781953  0.053453    0.28877276]
 [ 0.11603659  0.00708934 -0.01045282  0.28643247  0.14920022]
 [-0.10548458  0.22904538  0.29686397  0.33359754 -0.07410847]
 [ 0.03533059  0.11136364  0.16337405 -0.08133582 -0.1534623 ]
 [ 0.16169779  0.0299074   0.16401076  0.02496272  0.03644701]]

Filter 3 weights, shape (5, 5):
[[ 0.07251741  0.11760187  0.14036071 -0.15890187  0.13027458]
 [-0.13904269 -0.13425678  0.02926137 -0.0045225   0.1629256 ]
 [-0.11941513 -0.17451271  0.1529486  -0.00747534  0.1415006 ]
 [ 0.06393639 -0.14035383  0.04085484  0.04354812 -0.14715192]
 [-0.08543529  0.07697929  0.02104338 -0.11770374 -0.09714983]]

Filter 4 weights, shape (5, 5):
[[ 0.28103778  0.09518334  0.2500574   0.1453276  -0.17861181]
 [-0.06323044  0.4201385   0.24889186  0.25061557  0.05783809]
 [ 0.24976343  0.49572548  0.48213577 -0.00937076  0.08785736]
 [ 0.30921605  0.41112545  0.31470188 -0.05547852 -0.0731383 ]
 [-0.07395384  0.12820813  0.2900321  -0.05046685  0.20151407]]

Filter 5 weights, shape (5, 5):
[[-0.1240364  -0.21874833 -0.02656184  0.24946722  0.3498428 ]
 [-0.07135755  0.1136691   0.314991    0.35606366  0.28972447]
 [ 0.2345868   0.21880038  0.16952854  0.01308601 -0.09201823]
 [-0.06424139 -0.01779329 -0.09184572  0.15942925  0.11682837]
 [-0.07294957  0.0420049   0.07965126  0.18253595  0.18216571]]

Filter 6 weights, shape (5, 5):
[[-0.07705348  0.17669943 -0.02137528  0.02466379 -0.16382061]
 [-0.14850514 -0.1375032  -0.07628546  0.17935619 -0.04892965]
 [-0.16375661  0.08073194  0.10109397  0.16796501 -0.09795503]
 [ 0.05451407 -0.04172555  0.01256518 -0.11367442 -0.07144212]
 [-0.0324942   0.12690939  0.10008654  0.10748266  0.24591973]]

Filter 7 weights, shape (5, 5):
[[ 0.1982136   0.14941622  0.02268994 -0.13472176  0.14025159]
 [-0.05727102 -0.02679386 -0.18463744 -0.0820283  -0.18033426]
 [ 0.16608465 -0.18497685 -0.17466816 -0.05176129 -0.14344387]
 [ 0.09300198 -0.02882289 -0.04136458  0.04870805  0.18519469]
 [-0.08100059  0.20564479  0.2616733   0.2946999  -0.07141438]]

Filter 8 weights, shape (5, 5):
[[ 0.05531299 -0.14289904  0.18846534 -0.01870942  0.19517687]
 [ 0.02431089  0.00301299  0.03930922  0.13535523  0.22023167]
 [ 0.03918725  0.06863748 -0.14737411  0.22999534  0.3049307 ]
 [ 0.13306594  0.10564847 -0.17982844 -0.05605999  0.2562782 ]
 [-0.23982082  0.09337296 -0.22077028 -0.15770513  0.13358678]]

Filter 9 weights, shape (5, 5):
[[-0.15608968 -0.03837649  0.22900134  0.28975827  0.30294603]
 [-0.05656941 -0.14633764  0.29486465  0.08009675  0.00268378]
 [ 0.03876594 -0.12393367  0.20005333  0.19137353 -0.13032325]
 [-0.16286293  0.00057685  0.11968897  0.01660805 -0.1074018 ]
 [ 0.00801995 -0.17950667 -0.13077275 -0.13356179  0.13986063]]

